93 43 88 4 28 30
41 13 4 70 10 58
61 34 100 79 17 36
98 27 13 68 11 34
80 50 80 22 68 73
94 37 86 46 29 92
95 58 2 54 9 45
69 91 25 97 31 4
23 67 50 25 2 54
36 14 66 15 64 37
26 70 16 95 30 2
17 38 39 45 2 98
36 99 43 100 69 13
14 31 7 63 43 66
83 53 68 22 96 13
72 2 91 32 39 58
17 91 41 80 36 7
73 99 96 20 55 24
90 61 6 27 24 7
14 71 39 95 21 45
45 91 51 60 24 48
86 18 73 40 48 86
97 86 24 21 45 69
36 16 26 35 43 12
80 53 45 96 19 97
93 16 92 34 70 98
54 48 26 11 63 12
96 77 68 40 75 32
57 2 73 61 95 85
56 90 8 16 94 70
81 56 56 7 64 3
77 9 50 32 45 39
9 98 52 50 4 32
32 15 20 76 10 81
30 24 55 61 38 46
55 98 5 82 49 66
48 8 74 23 6 77
54 25 31 67 1 45
71 86 17 99 56 34
58 77 79 67 58 12
79 15 20 38 34 92
21 63 34 98 32 89
90 74 78 5 59 1
55 61 16 48 81 31
56 47 8 39 1 27
36 58 14 15 94 61
55 19 58 86 30 16
64 3 18 44 20 68
48 70 96 4 74 4
49 86 59 60 7 31
51 32 81 4 1 21
34 59 4 77 51 35
81 80 33 75 50 43
50 72 11 80 84 71
41 24 51 72 30 19
47 100 31 22 77 25
45 59 97 72 65 61
99 52 41 4 52 2
6 81 19 75 50 14
21 26 13 84 89 18
9 51 25 96 58 12
91 67 11 94 54 66
61 43 4 53 8 42
11 1 100 28 72 88
16 75 46 74 21 12
21 17 81 68 53 40
29 72 62 46 21 41
59 54 28 51 12 64
95 34 28 28 96 32
43 17 7 16 25 2
82 16 11 17 6 74
82 21 92 70 66 28
37 29 26 85 68 50
77 47 77 67 68 21
85 92 11 59 12 45
19 19 35 26 68 90
19 15 26 19 29 30
35 28 41 55 41 97
36 84 49 66 12 53
65 77 38 76 46 11
16 93 11 48 38 100
48 16 94 80 30 65
80 2 26 90 59 34
1 90 71 18 47 39
44 39 37 22 20 97
48 89 60 88 36 36
13 85 90 85 35 68
20 16 46 77 62 26
20 32 4 99 99 40
5 4 80 66 92 8
25 66 22 55 7 51
67 22 58 97 56 31
95 56 22 13 94 28
33 45 92 99 53 57
71 4 40 15 100 67
36 22 44 53 87 20
51 11 24 70 6 44
40 71 37 92 58 34
29 78 11 84 77 90
92 35 12 5 27 92